ensembl_gene_id	chromosome_name	external_gene_name	A	A	A	A	A	B	B	B	B	B
ENSG00000000003	X	TSPAN6	6,013469571	6,012871351	6,07029446	6,133568965	6,274131621	6,198873524	6,314210564	6,440151526	6,349611003	6,284695732
ENSG00000000005	X	TNMD	-0,14214004	-1,445886446	-0,947711314	-1,445886446	-1,445886446	-0,708757719	-1,445886446	-1,445886446	-1,445886446	-1,445886446
ENSG00000000419	20	DPM1	4,935061152	4,463583967	4,954031719	5,387210252	4,77383755	4,819418052	5,130369466	4,99846923	4,773859712	5,455649097
ENSG00000000457	1	SCYL3	1,816781077	2,718415724	2,382776113	2,942459148	2,10032102	2,11839578	2,352809797	3,0017964	1,86190216	3,201285173
ENSG00000000460	1	C1orf112	3,7369551	3,821410028	3,897527276	4,211196298	3,51966017	4,208055647	4,418777005	4,534705147	4,111813553	4,585741112
ENSG00000001036	6	FUCA2	4,659983335	4,734418091	4,52563543	4,271741369	4,295720452	4,733861544	5,177496428	4,98489359	4,64684588	5,107996746
ENSG00000001084	6	GCLC	5,147167046	4,639546518	4,587959942	4,922613261	4,61195789	4,538988748	4,656544922	4,646362515	4,233432749	4,70144096
ENSG00000001167	6	NFYA	2,797784666	1,518337525	1,858781348	2,199449371	1,448979327	3,172918721	3,126340007	2,849906228	3,064619652	3,707104804
ENSG00000001460	1	STPG1	2,4100523	2,912337535	3,256042754	3,378317636	2,814272377	3,549832777	3,467495525	3,549000635	3,68527439	3,576675637
ENSG00000001461	1	NIPAL3	6,411008798	6,565554603	6,395476673	6,357698129	6,721980147	6,634166541	6,633702795	6,039907137	6,611058147	6,384309563
ENSG00000001497	X	LAS1L	4,651496282	5,168108246	4,925199273	5,352474243	5,083053884	5,676246238	6,132608953	6,098918269	6,198751725	5,81304899
ENSG00000001561	6	ENPP4	2,995375994	3,341115477	2,590040044	4,031358598	2,78885718	2,520728488	2,442981718	2,725677408	2,546176209	2,666435862
ENSG00000001617	3	SEMA3F	2,556013877	2,886127373	2,787039858	2,601081735	2,770013952	0,993211553	1,471058292	2,169250936	2,542028479	2,420306297
ENSG00000001626	7	CFTR	-0,066429021	-0,30783538	-0,544817355	0,441462965	0,159545774	-0,495693027	-1,158184466	-1,143735793	-1,157666611	-0,659794626
ENSG00000001629	7	ANKIB1	5,454561312	5,414952148	5,264235059	5,323438841	5,425549227	5,685947293	5,593056605	5,501902594	4,632087334	5,326688353
ENSG00000001631	7	KRIT1	4,935248571	5,07155029	4,970923587	4,838811533	4,352315625	5,224808033	5,012173635	5,118120759	4,485855866	5,211671761
ENSG00000002016	12	RAD52	3,509986624	3,089508944	3,182701884	3,191625085	3,260788851	3,393890719	3,918819933	2,956135531	3,548395429	3,288909432
ENSG00000002079	7	MYH16	-0,21245702	0,091384221	-0,290824655	-0,795949597	-0,565041599	-1,445886446	-0,941273303	-0,465167865	-1,445886446	-1,445886446
ENSG00000002330	11	BAD	5,174907029	4,425645688	4,425021245	4,966768704	4,865610826	3,983063057	4,075410639	4,766124304	4,689747076	3,947473147
ENSG00000002549	4	LAP3	3,21093556	2,042751312	2,597908944	3,334543816	1,970652252	3,359021991	3,112555108	3,288129406	3,347006069	3,433697392
ENSG00000002586	X	CD99	6,093228802	6,241918791	6,519384293	6,667980725	6,557765083	6,989833501	7,146912775	7,229085477	7,336157281	7,189089464
ENSG00000002587	4	HS3ST1	-1,445886446	-0,144966151	-1,155877645	-0,655754597	-0,961793072	-0,425929374	-1,445886446	-1,445886446	-0,665082223	-1,158612783
ENSG00000002745	7	WNT16	-1,134572453	-1,445886446	-0,947711314	-1,445886446	-1,445886446	-1,445886446	-1,150326491	-1,143444584	-1,445886446	-0,794323295
ENSG00000002746	7	HECW1	2,986181126	3,510666222	3,574198638	2,427710311	2,749974517	2,995038024	3,004259265	1,498433962	2,414080802	2,327245178
ENSG00000002822	7	MAD1L1	5,36139992	5,165593771	5,512165009	5,24909002	5,31896283	4,904486282	5,055782183	5,214088461	4,697805093	5,115318495
ENSG00000002834	17	LASP1	5,658572483	6,249532077	6,370196279	6,537113763	6,484763402	6,081746178	6,110902777	5,931980819	6,155885499	6,120933651
ENSG00000002919	17	SNX11	3,412193554	3,287275754	3,370740147	2,945149178	3,342502076	3,262274931	3,193432471	3,595991527	3,179917113	2,929071625
ENSG00000003056	12	M6PR	4,364614924	4,561836168	4,594084563	5,149381137	5,021235978	5,371203169	5,225518075	5,431541178	5,427031182	5,310217392
ENSG00000003096	X	KLHL13	4,092520527	3,745822072	4,130309625	4,267055162	3,763095669	4,116498154	4,236482439	4,480957941	4,124920203	4,399966077
ENSG00000003137	2	CYP26B1	1,670307097	2,823805928	1,937973704	0,392172584	2,429297376	-0,399686793	0,720000574	1,036680472	1,164322975	0,632207956
ENSG00000003147	7	ICA1	2,77748819	3,304045427	3,461807686	3,176858825	2,922631215	2,224210761	2,88348739	2,559716465	2,79738822	1,937345978
ENSG00000003249	16	DBNDD1	4,213763873	4,285007175	3,497386449	3,566176755	4,520933382	3,587551922	3,667064928	4,723017948	4,003617704	3,729390692
ENSG00000003393	2	ALS2	3,84107885	3,710124087	3,835444359	3,513956922	3,163237737	3,409345767	3,909292723	4,190775367	3,578677093	3,818820406
ENSG00000003400	2	CASP10	1,811710969	2,858767754	2,470368369	2,61517679	1,885042666	2,108596036	1,604769577	2,383405232	2,14065174	2,365255164
ENSG00000003402	2	CFLAR	5,734236137	5,88891741	5,835831566	5,610721039	5,164784551	5,507558384	5,531355653	5,386620494	5,460020149	5,339872944
ENSG00000003436	2	TFPI	4,969497832	5,36226206	5,388548981	5,657910148	4,866193662	5,029776388	5,054535864	4,822809689	4,887799493	4,869210585
ENSG00000003509	2	NDUFAF7	3,058330803	3,016128074	2,769302548	3,649842079	3,118310241	3,584144013	3,410823697	3,939559522	3,276061101	3,66498668
ENSG00000003756	3	RBM5	5,992408945	6,104662037	6,133210956	6,837920719	6,021366222	6,492525729	6,678760155	6,277060732	6,541851321	6,515992776
ENSG00000003987	8	MTMR7	0,797924118	1,878819599	2,044179787	2,141233633	2,570833557	-0,343240034	0,795679514	-0,633619641	0,487108846	-0,953711993
ENSG00000003989	8	SLC7A2	3,754478832	3,472057711	4,010665018	4,50205513	3,384579131	4,25472819	4,303609322	4,061520678	4,109068146	4,503503747
ENSG00000004059	7	ARF5	-1,134572453	-1,171287913	-1,445886446	-0,137099667	-1,445886446	-0,700301629	-1,150326491	-0,521030728	-0,870120622	0,205890167
ENSG00000004139	17	SARM1	2,580217583	2,910488628	3,035364609	3,336537726	2,725304649	3,128902275	2,716000451	2,931235329	2,87836824	2,625084114
ENSG00000004142	17	POLDIP2	5,8969062	5,768366888	5,884870639	5,793865579	5,852071143	6,318033298	6,183305808	5,818365277	6,304621335	6,196907022
ENSG00000004399	3	PLXND1	3,663615543	4,537564671	4,55372074	4,126281023	4,667241111	3,875889045	4,023522938	3,069772952	4,12677119	3,607778742
ENSG00000004455	1	AK2	7,493743845	7,641139671	7,398510927	7,481887808	7,266776174	7,677287658	7,755094674	8,164884506	7,571785444	7,726331237
ENSG00000004468	4	CD38	-0,21245702	-0,167623678	0,000415052	-0,947647779	-1,124821576	-0,700301629	-0,04280861	-1,143735793	-0,664742058	-0,553414503
ENSG00000004478	12	FKBP4	7,01131997	6,917888541	6,818727562	6,666643786	6,805655719	6,540873128	6,811909442	6,885407558	6,705730875	6,742562022
ENSG00000004487	1	KDM1A	4,534884492	4,448705429	4,684928138	5,208247834	4,78443109	5,237413949	5,422863288	5,264945614	5,252543862	5,320768519
ENSG00000004534	3	RBM6	6,814118924	6,760407298	6,646226027	6,850299292	6,92141973	6,976352507	7,027290526	7,100427127	6,819971034	6,993264557
ENSG00000004660	17	CAMKK1	4,279610568	4,446333757	4,34398462	4,650432839	4,897667542	4,92268634	5,0273382	4,517357505	5,119658393	4,780721737
ENSG00000004700	12	RECQL	4,079089303	3,443394765	3,660441562	3,966088712	3,792978029	3,516212001	3,512612303	3,206005974	3,847957604	3,811186722
ENSG00000004766	7	VPS50	3,731117473	3,154069503	2,923469168	3,791613451	3,813462477	4,132094978	3,989809819	3,79815975	3,543403785	4,05810379
ENSG00000004776	19	HSPB6	-1,122322004	-0,872391066	-0,658333121	-0,231249892	-0,62150893	-1,445886446	-0,657507324	-0,521645256	0,100449077	-1,158612783
ENSG00000004777	19	ARHGAP33	2,858821909	3,742604585	3,477780768	2,702694082	3,781626809	2,234522357	3,338913468	1,494884235	2,91959086	2,249026839
ENSG00000004779	16	NDUFAB1	6,538292428	6,89310981	6,818357409	6,539376857	7,074914233	7,676573962	7,683353273	7,912151303	7,533350496	7,857136828
ENSG00000004799	7	PDK4	0,228414397	0,196918172	-0,049342376	-0,005817749	-1,445886446	-1,180550653	-1,150326491	-1,143444584	-1,445886446	-0,794323295
ENSG00000004838	3	ZMYND10	1,73386796	2,301954576	1,951030691	1,231529078	0,850837064	1,081737559	0,047928462	1,508242198	0,535457579	0,609267009
ENSG00000004846	7	ABCB5	0,466279388	-0,673982717	-0,291203796	0,330434862	-0,419331458	-0,554663392	0,135629961	-1,143444584	-0,664742058	0,449094525
ENSG00000004848	X	ARX	0,311800248	0,727327376	1,249637366	1,94072138	1,446721527	0,32462743	1,972283037	-1,143444584	1,609642075	-0,495065781
ENSG00000004864	7	SLC25A13	5,414702502	5,344103494	5,337004574	5,611210881	5,307443572	5,883262829	5,700013458	6,071139115	5,296089618	5,669047688
ENSG00000004866	7	ST7	4,758567452	4,676655334	4,91776998	5,440546453	5,082550481	5,063484283	4,90649498	4,628051277	4,66072339	5,233251712
ENSG00000004897	17	CDC27	5,884936479	5,857510451	5,72950742	6,078112191	6,007791287	6,658935552	6,639352044	6,147538874	6,631995978	6,505478198
ENSG00000004939	17	SLC4A1	0,40414056	0,696482901	-0,160183467	-0,297710931	-0,243976729	-1,445886446	-1,158184466	-1,445886446	0,196236631	-0,495065781
ENSG00000004961	X	HCCS	4,967199463	5,408238093	5,53305956	5,745203467	5,329474133	5,823388608	5,825057596	6,452439418	5,934094815	6,155545728
ENSG00000004975	17	DVL2	6,110186159	6,083412817	5,836402415	5,56530382	6,354089996	5,852615889	5,904573071	5,594751912	5,609703568	5,490731612
ENSG00000005007	19	UPF1	6,97700491	6,903494914	6,83337529	6,425809191	6,804670978	6,587790681	6,872972515	6,584623144	6,750521577	6,95295491
ENSG00000005020	7	SKAP2	5,578592851	6,009307731	5,783168771	5,697139322	5,537820144	5,701300415	5,925623738	5,791521653	5,219950859	5,686320724
ENSG00000005022	X	SLC25A5	7,074904114	6,557975452	7,584431707	8,577518728	7,674608413	8,287251661	7,936481409	8,16390252	7,958694905	8,790782681
ENSG00000005059	4	MCUB	4,251711817	4,49048162	4,592941257	4,594392384	4,855096946	4,858255189	5,359409645	5,114973738	5,201743329	5,148681845
ENSG00000005073	7	HOXA11	3,564318847	3,46184765	3,682846721	3,350642174	4,257698501	4,685433233	4,806924867	5,289751128	4,038321703	5,214576755
ENSG00000005075	7	POLR2J	5,846099957	6,09923813	5,818845272	5,64507143	5,918101744	6,049754132	6,246390706	6,208937258	5,914481975	6,049483793
ENSG00000005100	17	DHX33	3,60023407	3,713498525	3,634568867	2,908110793	3,987114644	3,93517137	3,906561237	3,854130174	3,986320978	3,761853565
ENSG00000005102	17	MEOX1	-1,445886446	-0,167623678	-1,155877645	-0,661271928	-0,452344463	-0,834544579	-1,445886446	-0,634194293	-0,552826203	0,497866279
ENSG00000005108	7	THSD7A	0,992905947	1,522912096	1,253988702	1,819361414	0,100997402	0,872727893	-0,288934873	2,060428207	0,693551919	0,049515258
ENSG00000005156	17	LIG3	5,308203101	5,262706351	5,412069209	5,361746581	5,234928722	5,736915945	5,711304047	5,572913546	5,910503706	5,75354294
ENSG00000005175	12	RPAP3	5,274587563	5,202198409	5,065653191	5,320234401	5,417139831	4,612368066	4,987588316	4,946565783	5,397856753	5,100599918
ENSG00000005187	16	ACSM3	2,105961894	2,260775278	2,650832616	2,111140651	2,412672299	2,476293395	2,270931796	1,377139655	2,298015042	2,474003127
ENSG00000005189	16	REXO5	2,802937641	3,383190283	2,726842478	2,595440665	3,21697	2,971911458	3,299641025	3,476341426	3,050786879	3,189200382
ENSG00000005194	16	CIAPIN1	5,349202976	5,223748771	4,891203665	4,849453204	4,896862308	5,230497022	5,237409693	5,674621647	5,472893152	5,486380034
ENSG00000005206	19	SPPL2B	5,768223831	5,624044338	5,484427289	5,181231459	5,605555363	5,164961099	5,310141357	4,87750466	5,2235784	5,476690458
ENSG00000005238	9	FAM214B	-0,811008011	0,185706744	0,046713709	0,004503135	-0,353628075	-0,665022585	0,429130197	-0,930996636	-0,263825628	0,205890167
ENSG00000005243	17	COPZ2	-1,134572453	-0,528530473	-1,154621261	-1,445886446	-0,565041599	-1,180550653	-0,941273303	-1,445886446	-1,158340456	-0,953711993
ENSG00000005249	7	PRKAR2B	3,558450111	3,976030059	4,212260943	3,72289274	4,015144905	4,193749493	4,131189582	4,003180666	3,512821188	4,264333117
ENSG00000005302	X	MSL3	3,433381997	3,868886137	3,140643362	3,494898712	3,391653104	3,362000013	3,470369442	3,703909996	3,895338151	3,692541969
ENSG00000005339	16	CREBBP	7,420745913	7,189756999	7,222454802	7,247587358	7,041724733	6,913681365	6,871599583	6,57512686	6,687450725	6,749611213
ENSG00000005379	17	TSPOAP1	-1,445886446	-1,171287913	-1,445886446	-1,445886446	-0,469879885	-0,708757719	-1,445886446	-1,445886446	-1,158340456	-0,953711993
ENSG00000005436	2	GCFC2	4,76937284	4,579849908	4,423977964	4,518941179	4,239972358	5,085750819	4,843090634	4,864711322	5,052613757	5,171481657
ENSG00000005448	2	WDR54	5,296055518	5,938003882	5,759247283	4,940752562	5,887642664	6,058773338	6,29434671	6,489066633	6,539077205	6,335511193
ENSG00000005469	7	CROT	2,624422964	3,016629885	1,595924251	2,816719111	2,644678278	1,978835455	2,092442774	2,890403349	2,256126716	2,5170203
ENSG00000005471	7	ABCB4	4,464051365	2,979032661	3,960905921	3,991685655	3,83551091	2,66674296	2,587747872	2,709946887	2,254062811	2,864759819
ENSG00000005483	7	KMT2E	6,770566725	6,712898076	6,701550993	6,595700323	6,677930171	6,919877602	7,121340747	6,500517277	6,616426277	6,699393219
ENSG00000005486	7	RHBDD2	5,977330243	5,719862733	5,543004631	5,568534247	5,960604293	5,144168534	5,505370905	5,450802189	4,75534392	5,300536641
ENSG00000005513	16	SOX8	3,411960858	3,540535739	3,602482731	3,400685304	3,879877778	3,362140177	3,404159435	3,351493347	3,14557548	3,552171867
ENSG00000005700	6	IBTK	5,864866563	6,302347912	5,737939736	5,714039873	5,547677146	6,141024612	6,164117783	6,452123388	6,545872293	6,312069136
ENSG00000005801	11	ZNF195	4,54094137	4,162083929	4,302921069	4,071423823	4,0894005	4,67220922	4,787087929	5,192820635	4,900437693	5,123327945
ENSG00000005810	13	MYCBP2	6,105769292	5,952984262	6,036199858	6,115310794	5,832023404	6,113999952	6,02896951	5,667571588	5,735097667	5,707628337
ENSG00000005812	13	FBXL3	4,55342097	4,157685829	4,502628781	4,848760639	4,25248684	4,632972169	4,379717172	4,497103244	4,622900513	4,85466824
ENSG00000005844	16	ITGAL	4,53166432	4,927067685	4,514178001	3,915692837	3,968216568	3,741352053	3,493624099	4,909314396	4,261438646	3,780662765
ENSG00000005882	17	PDK2	3,478261669	3,02068684	3,309092332	3,644080979	3,497434145	3,793501903	3,777720492	3,335669542	4,560028228	3,701970939
ENSG00000005884	17	ITGA3	2,76044876	3,198694492	2,376471041	2,832614683	3,110272142	1,2562559	1,797374598	0,662925761	1,951694896	1,156927022
ENSG00000005889	X	ZFX	5,815678887	5,921229607	5,952317091	5,939249242	5,819556327	5,759086774	5,84775957	5,694526439	6,188243799	6,049256612
ENSG00000005893	X	LAMP2	5,600419662	5,79080774	6,050107635	6,410099391	5,796323621	6,042864541	5,749808631	6,083207715	5,70641303	6,086893359
ENSG00000005961	17	ITGA2B	2,722691203	3,261070947	3,026390767	2,869312997	3,299240409	2,853808954	3,815333657	2,948262153	3,13526321	2,708130163
ENSG00000006007	16	GDE1	6,919663786	6,99247924	6,833450229	6,637748041	6,86141075	6,772696631	6,864803678	7,068535534	6,96159059	7,049511442
ENSG00000006015	19	REX1BD	5,078827884	5,291308509	5,236459935	4,777218843	5,01908442	5,692713994	5,757496862	5,588865946	5,683499666	5,437555539
ENSG00000006016	19	CRLF1	4,651392315	5,321053623	5,582466151	4,966900116	6,309411403	5,569512977	5,883137225	3,886475531	5,751686325	4,120617904
ENSG00000006025	17	OSBPL7	2,232923225	2,636341072	0,830195135	1,924983116	2,774274851	1,612380308	1,971973891	1,187659087	3,342043558	1,131128974
ENSG00000006042	17	TMEM98	6,176326021	6,015830951	6,134001108	6,172477763	6,622448921	6,523768189	6,560122109	5,746094601	6,553029237	6,382333355
ENSG00000006062	17	MAP3K14	4,442381972	5,022278824	4,435525429	4,022250983	3,99482381	3,509324981	3,14829313	3,117421951	3,73445962	3,261649048
ENSG00000006071	11	ABCC8	2,832520451	2,993525619	2,545383109	2,837160652	3,561327141	2,540930836	2,50444966	1,480873431	2,187313518	1,934555687
ENSG00000006116	16	CACNG3	0,914986732	1,662098034	0,568368654	-0,868203088	-0,295909671	-0,495693027	-1,445886446	-0,931430517	-0,661953351	-0,553414503
ENSG00000006118	11	TMEM132A	3,911577768	3,592747285	3,900733966	3,652930916	3,752490718	3,572020325	3,575400829	4,188435606	3,783697268	3,901636076
ENSG00000006125	17	AP2B1	7,148330106	7,272257591	7,104295563	7,033555496	7,297708018	7,357137792	7,345548845	7,096501001	7,78929597	7,219638454
ENSG00000006128	7	TAC1	0,605875728	-1,445886446	-1,445886446	1,702378446	0,781159376	0,506674086	0,213360682	-0,633619641	0,522022306	-0,369940872
ENSG00000006194	16	ZNF263	4,0350539	4,089993455	4,113025739	4,365393378	4,030632575	4,383595818	3,814684744	4,290282859	4,324950542	4,360589732
ENSG00000006210	16	CX3CL1	-1,134572453	-0,390728403	0,207882036	-1,15457894	-0,674692944	-0,206133711	-0,535627777	0,586295333	-1,445886446	-0,864695416
ENSG00000006282	17	SPATA20	2,520013412	3,082828168	3,001434422	3,036661561	2,976217549	1,848591825	2,324489886	2,035698631	2,670062269	1,789355755
ENSG00000006283	17	CACNA1G	2,021594585	2,374982069	2,800443435	2,056859659	3,216097689	1,631084464	1,795506866	0,662925761	0,702487229	1,08224913
ENSG00000006327	16	TNFRSF12A	1,216939132	0,93429245	2,123913513	2,975975793	1,908052535	0,29093247	0,067601363	1,036680472	0,522022306	1,711539857
ENSG00000006377	7	DLX6	2,644988094	3,4850997	2,952829687	1,796536708	2,683054046	2,976282761	2,952503228	3,36691298	2,987050343	2,978232243
ENSG00000006432	14	MAP3K9	3,86358146	3,994347862	3,681980346	3,623464185	3,881873103	2,386751465	3,099717641	2,80841501	2,548908414	3,310720313
ENSG00000006451	7	RALA	6,837570866	6,965803014	6,622059421	6,960260981	6,69312183	6,36223711	6,39877923	6,751986225	6,063608162	6,663915251
ENSG00000006453	7	BAIAP2L1	6,800158539	6,96818117	6,758036394	6,614743995	6,742378264	6,673849141	6,507914101	6,585982254	6,273808976	6,336424283
ENSG00000006459	7	KDM7A	3,94947734	3,820959485	3,719063136	4,333055585	3,57541242	3,720157873	3,517612557	3,46802112	3,070281906	3,990846367
ENSG00000006468	7	ETV1	0,552376755	-0,773415093	0,111690163	0,698446859	-0,565041599	-0,495693027	-0,862624512	-0,634194293	-1,157666611	0,001027335
ENSG00000006530	7	AGK	4,200381808	4,252759429	4,436749763	4,661713921	4,186948052	4,886095167	5,247336443	4,736995961	4,645322577	5,052979892
ENSG00000006534	11	ALDH3B1	0,213545597	1,753271584	1,20621453	2,203717454	2,595939259	1,51392077	2,209836893	1,226085597	2,081701728	1,174392706
ENSG00000006555	1	TTC22	-0,292654465	-0,012181617	-0,787112795	-0,665668109	0,401081945	-1,180550653	-1,445886446	-1,445886446	-0,953302058	-1,445886446
ENSG00000006576	7	PHTF2	5,399387906	5,211428603	5,371830692	5,36175186	5,397175945	5,405311887	5,62088979	5,610672406	5,108775826	5,508736
ENSG00000006606	7	CCL26	1,071255967	2,376968578	1,727507196	-0,374360603	1,57003933	0,350982736	0,343913085	0,290661424	0,617941103	0,131492391
ENSG00000006607	2	FARP2	5,29334283	4,888748417	5,352929515	5,273772934	5,352045825	5,817261734	5,581060982	5,999890688	5,181684131	5,82270019
ENSG00000006611	11	USH1C	2,035431222	2,159965459	2,390613523	2,515859401	3,377845677	2,510798763	2,275416271	1,851942129	2,200687847	1,97222725
ENSG00000006625	7	GGCT	6,859968647	7,162130111	7,177598705	7,189184693	7,166286672	7,481402048	7,439214123	7,499316979	7,18294526	7,666316564
ENSG00000006634	7	DBF4	3,96016259	3,897106509	3,956942989	3,892407914	4,244717105	4,47380196	4,59854371	4,581920811	3,933913152	4,500223583
ENSG00000006638	19	TBXA2R	2,681731045	3,388712372	3,031155387	2,167457993	3,092177595	2,881458629	3,31239936	2,597245769	3,331983948	2,408928171
ENSG00000006652	7	IFRD1	5,536769994	5,106114077	5,296143694	5,514879692	5,363100884	4,827172984	5,03445325	5,040257216	4,888090357	5,481671833
ENSG00000006695	17	COX10	4,257839323	4,040329347	4,052701969	4,459299201	4,585834487	4,826230193	4,718431312	4,529593396	4,969422771	4,51698691
ENSG00000006704	7	GTF2IRD1	6,153206138	6,265818756	6,373605446	6,414768824	6,036097984	6,00884853	5,897638181	5,925713771	5,42318309	5,85601058
ENSG00000006712	19	PAF1	5,619258846	5,734560332	5,567282594	5,523342265	5,69659929	5,584140157	5,759454425	5,619222742	5,926152291	5,449460691
ENSG00000006715	7	VPS41	4,324594383	4,723057129	4,52219041	4,450894479	5,097338274	5,113759451	5,010384517	4,725796723	4,77188824	5,151198233
ENSG00000006740	17	ARHGAP44	5,046245755	5,131260036	4,965058378	5,017736444	4,911893209	4,386747019	4,791607263	4,380744428	4,857498982	4,345537991
ENSG00000006744	17	ELAC2	5,454719064	5,67466873	5,449548017	5,333155754	5,576524275	5,786778904	5,910616183	6,173913489	6,11769062	5,866070332
ENSG00000006747	7	SCIN	-1,445886446	-0,200523956	-0,159602282	-0,787036515	1,239128023	0,382756542	0,339199869	-0,423665424	-0,16796429	-0,292170191
ENSG00000006757	X	PNPLA4	3,95605092	3,986391032	4,64140841	4,293932704	2,50695163	2,755803323	3,483549061	3,581098907	4,638335307	3,528548414
ENSG00000006831	12	ADIPOR2	6,820305958	6,913231582	6,856377614	6,874085814	7,01568864	6,673961777	6,877568504	6,630805756	6,954912238	6,768579134
ENSG00000007001	2	UPP2	0,865375137	1,459988431	1,693965951	0,203079814	0,68009689	-0,095774518	0,135629961	-0,930996636	-0,792611166	-0,451558889
ENSG00000007047	19	MARK4	6,721722452	6,794357952	6,742462743	6,661363572	6,774127471	5,810087287	6,023533102	6,032544472	6,055238253	5,598004329
ENSG00000007080	19	CCDC124	3,645367187	3,553130597	3,508007532	3,771072765	3,699159049	4,055827646	4,192764706	4,582013298	4,04359002	4,476424508
ENSG00000007129	19	CEACAM21	-0,377743013	-0,972879564	-1,445886446	-0,665668109	-1,163970545	-1,445886446	-1,445886446	-0,841293932	-1,445886446	-0,864695416
ENSG00000007168	17	PAFAH1B1	6,836010894	6,703367083	6,614360767	6,886208596	6,815924559	6,865894249	6,961349378	6,319859031	7,196123405	6,800094768
ENSG00000007171	17	NOS2	1,533754003	1,716370027	1,533010213	0,66991006	1,956909296	1,579972963	1,386439188	-0,464940504	1,384122543	0,242893121
ENSG00000007174	17	DNAH9	1,050091473	2,319354615	1,929796816	0,671475533	0,764155234	1,318036352	1,0394425	0,853595601	1,477374965	1,290006323
ENSG00000007202	17	KIAA0100	4,924526863	4,961161379	5,470928472	5,388821431	5,250429352	5,273226405	5,322386556	5,165138869	5,372065077	5,249343735
ENSG00000007216	17	SLC13A2	0,101993742	0,227730722	0,706390386	-0,504642091	-0,315411652	-1,180550653	-0,862624512	-1,143444584	-0,457038649	-1,445886446
ENSG00000007237	17	GAS7	2,526263159	3,133353802	2,981776192	2,780690967	3,482024816	2,827301126	2,707824354	2,314611833	3,019089888	2,846916762
ENSG00000007255	19	TRAPPC6A	4,409803661	4,688947902	4,775818366	3,921196005	4,776703616	5,224344256	4,922260643	4,458617933	5,079925996	4,808298636
ENSG00000007264	19	MATK	2,898376285	3,447678967	3,709772581	2,838646586	3,081279324	3,671218561	3,295165242	4,43485954	3,502875858	3,353307768
ENSG00000007312	17	CD79B	-0,811008011	-0,144966151	-0,451461422	-1,15457894	-1,445886446	-1,445886446	-1,445886446	-1,445886446	-1,445886446	-1,445886446
ENSG00000007314	17	SCN4A	3,118337596	2,567641767	2,351167025	2,326372977	2,733222721	0,631071405	1,294591267	2,732897359	1,213866942	1,915397097
ENSG00000007341	1	ST7L	5,055678194	4,737291843	4,716633048	4,864273119	4,990624393	4,980257375	5,055653237	4,781214503	5,100241778	5,300106623
ENSG00000007350	X	TKTL1	0,020937757	0,24877291	-0,949598305	-0,297710931	0,336159439	-0,314986718	0,438537697	-0,521645256	0,728707586	-0,251861423
ENSG00000007372	11	PAX6	6,226417238	5,161210579	5,149778946	5,876111112	6,164155074	5,969210813	6,091932117	6,202033073	6,380704492	6,282078475
ENSG00000007376	16	RPUSD1	5,123288558	5,223132476	5,272658294	4,358931171	5,130338533	5,277609541	5,173582251	5,741369386	5,537398737	5,39303846
ENSG00000007384	16	RHBDF1	3,939918601	4,552164021	4,045219068	4,036144304	4,453634061	3,360462821	3,591976596	3,496435335	3,710010889	3,851061291
ENSG00000007392	16	LUC7L	5,645826908	5,814363056	5,72230802	5,535442966	6,017587203	5,767583603	5,861887673	5,883125152	6,007892978	5,798155705
ENSG00000007402	3	CACNA2D2	2,005770974	2,548486385	2,944441492	1,856263481	2,122310118	2,104335536	1,341653305	1,814973911	1,315643573	1,351687924
ENSG00000007516	16	BAIAP3	0,451924526	1,761253766	1,22802468	-0,006818179	1,306512557	0,272397349	-0,256929381	0,549324831	-0,50561049	0,137453412
ENSG00000007520	16	TSR3	5,828441181	5,504915569	5,257672052	5,408806893	5,864378283	5,929220983	5,764586632	6,263146716	6,156136924	5,906839176
ENSG00000007541	16	PIGQ	4,586194864	4,710911499	4,744743961	4,040313218	4,37464185	4,098532792	4,512071189	4,444054929	4,181637884	4,28430114
ENSG00000007545	16	CRAMP1	-0,371682029	-1,146989599	-1,154621261	-1,15457894	-0,961793072	-0,458969254	-1,445886446	-0,931430517	-1,158340456	-0,953711993
ENSG00000007866	6	TEAD3	3,550473207	2,803824318	3,279769146	4,085149953	3,348268235	2,804398259	3,050342795	2,998121855	2,767738082	3,497247476
ENSG00000007923	1	DNAJC11	5,370631233	5,328652836	5,335777356	5,100590652	5,537353	5,707326844	5,8155059	6,218757236	5,723281831	5,827032047
ENSG00000007944	6	MYLIP	5,199438764	4,897866349	5,337706112	5,386601263	5,331449421	4,827804671	4,519707167	4,905381878	4,666815838	4,774643876
ENSG00000007968	1	E2F2	5,977046003	5,973539043	6,054175225	5,954008975	5,78150078	4,543857337	4,913588612	4,938265123	5,322328453	4,832775052
ENSG00000008018	6	PSMB1	8,621209442	8,628046989	8,617723387	8,689434194	8,771506791	9,317052725	9,310055962	9,858779242	9,422740446	9,546868247
ENSG00000008056	X	SYN1	-0,28120906	0,022837515	0,111690163	-0,137099667	-0,261591265	-0,834544579	-0,552489336	-0,192664062	-0,263825628	-0,663858239
ENSG00000008083	6	JARID2	7,253917825	7,276738511	7,152742295	7,268819038	7,01778163	7,289651313	7,212109442	7,23586308	7,275998191	7,175785087
ENSG00000008086	X	CDKL5	3,472790077	3,712861476	3,519926816	3,932266385	3,801085686	3,121896973	3,082318784	3,050494703	2,642406153	2,899029652
ENSG00000008118	1	CAMK1G	0,020937757	-1,146989599	-1,154621261	-1,445886446	-1,445886446	-1,445886446	-1,445886446	-0,767609726	-1,445886446	-1,445886446
ENSG00000008130	1	NADK	4,32342301	4,190752704	4,355774912	3,96528382	4,386056422	4,315789858	4,437382132	5,087313253	4,536924091	4,843693269
ENSG00000008226	3	DLEC1	0,786729184	1,149350675	1,348319822	0,442000534	0,985367043	0,536327553	-0,552489336	-0,465167865	0,411670035	-0,373133985
ENSG00000008256	7	CYTH3	5,33605036	5,587689402	5,637798666	5,389554326	5,073771569	4,863493322	5,656300731	5,455164405	4,731785954	5,169186278
ENSG00000008277	7	ADAM22	4,031592255	4,311893934	4,337107832	4,222727627	4,136022762	4,149855685	3,983012014	3,708483809	3,742086936	3,909050794
ENSG00000008282	7	SYPL1	5,726951853	5,536420747	5,900609555	5,800062047	5,777208109	5,607318034	5,90172924	5,621920648	5,297240131	5,945755371
ENSG00000008283	17	CYB561	4,70951606	4,669813002	4,399254041	4,529653643	4,545015661	3,958697477	3,809762767	4,155631189	4,608111026	4,250114894
ENSG00000008294	17	SPAG9	6,613108467	6,82082885	6,794499022	6,763764905	6,718283514	6,430238957	6,408904122	5,952294753	6,394929644	6,40967228
ENSG00000008300	3	CELSR3	1,655760048	1,375858486	1,890909049	1,18129669	1,606867269	0,47845068	0,633212301	0,846082028	1,594431415	0,980725833
ENSG00000008311	7	AASS	1,431910993	1,562053953	1,497884463	2,177747526	1,135136711	2,160590793	2,698767775	2,590728803	2,017582763	1,745229828
ENSG00000008323	12	PLEKHG6	0,150324873	1,248329721	-0,049342376	0,442000534	-0,261591265	-1,445886446	-0,953067278	-0,628845983	-0,084272688	-1,445886446
ENSG00000008324	3	SS18L2	4,819917168	5,176683754	5,259329716	5,270090343	5,565956768	5,419609303	5,456589278	5,551308057	5,39275135	5,490845462
ENSG00000008382	19	MPND	2,926879326	3,065833626	3,003678826	2,629454162	2,726403155	3,098796344	3,024541095	3,184494839	3,655106583	3,006474266
ENSG00000008394	12	MGST1	-0,066429021	-0,49881656	0,338572849	0,706969687	0,592910589	-1,180550653	-1,150326491	5,341847154	-0,296824248	3,730681578
ENSG00000008405	12	CRY1	4,632008209	4,600449446	4,829920474	4,455824199	4,13366832	4,065671468	4,016014149	4,295157475	3,705343074	4,040166723
ENSG00000008438	19	PGLYRP1	0,141952712	0,486641436	0,000394608	-0,663756526	-0,13223133	-1,445886446	-1,445886446	-1,445886446	-1,445886446	-1,445886446
ENSG00000008441	19	NFIX	5,707780555	5,56250578	5,693983902	5,647373257	5,669073185	5,39137724	5,42095656	5,222161176	5,289851791	5,501355567
ENSG00000008513	8	ST3GAL1	3,135237965	2,548486385	2,943155086	3,106576643	3,445498868	3,341452798	3,165781818	2,763645825	3,226799337	3,197821172
ENSG00000008516	16	MMP25	-1,445886446	-0,68962525	-0,947711314	-0,264048344	-0,13223133	-1,159190503	-0,15838247	0,760291066	-0,664742058	-1,151969079
ENSG00000008517	16	IL32	2,632017068	3,663713873	3,887733303	3,400623062	2,731192606	0,78667207	1,294591267	0,586348266	1,276718051	1,623397159
ENSG00000008710	16	PKD1	6,088950141	6,606181558	6,034881368	5,603365003	6,198808781	5,617950586	6,252787059	5,123082844	5,714923479	5,677101718
ENSG00000008735	22	MAPK8IP2	4,187124229	4,069432042	4,331825044	4,048279423	4,425343631	4,100771022	4,288847874	3,753302341	4,042821418	3,732293033
ENSG00000008838	17	MED24	8,125910662	8,095640937	8,142648016	7,679976162	8,425631279	8,370412996	8,471015968	8,022937529	8,565837155	8,03742309
ENSG00000008853	8	RHOBTB2	2,588854349	3,32495404	3,076849403	3,211646097	3,380980702	3,050326995	2,931296421	3,467376078	3,071309659	3,043984701
ENSG00000008869	2	HEATR5B	4,107885429	4,27212187	4,380811826	4,765633649	3,794652727	4,65771449	5,130564702	4,63161349	4,715706344	4,799116583
ENSG00000008952	3	SEC62	7,596971665	7,817959291	7,97370412	8,153442512	7,921976168	7,975954629	7,983680873	7,695644777	8,156987931	8,297756599
ENSG00000008988	8	RPS20	11,22168433	10,98105611	10,8123653	11,61030063	10,87521393	10,82402462	11,06445061	10,85448787	11,29495557	10,58381141
ENSG00000009307	1	CSDE1	9,348622417	9,17058967	9,185537359	9,471298463	9,311460616	9,997710552	9,964844672	9,929980114	10,04640822	9,978289822
ENSG00000009335	7	UBE3C	6,854100372	6,607812329	6,742425775	6,394704518	6,670181047	6,820101277	6,877566645	7,034250222	6,313927142	6,748483299
ENSG00000009413	6	REV3L	6,458777971	6,155642229	6,206602042	6,538853814	6,036521425	6,446421525	6,462897521	6,154069008	6,076374246	6,227480592
ENSG00000009694	X	TENM1	2,287427037	2,075803397	2,298729071	1,425304321	2,19921779	1,612380308	2,072339756	1,004708006	2,435277981	0,980725833
ENSG00000009709	1	PAX7	1,670098926	1,87594326	2,416168231	2,703273338	3,756827443	0,848104604	1,975307082	0,47370642	2,02033712	1,124839171
ENSG00000009724	1	MASP2	0,141952712	0,091384221	-0,497103995	-0,006818179	-0,113234179	-1,445886446	-1,150326491	-0,767091157	-1,445886446	-1,445886446
ENSG00000009780	1	FAM76A	4,262590169	4,809592787	4,985874196	4,313815173	4,628536119	4,330208659	4,365470564	4,844436318	4,034850731	4,291071602
ENSG00000009830	14	POMT2	5,272201673	5,551371076	5,508889713	5,005161326	5,970543673	6,306239611	6,462294973	6,657071923	6,433542827	6,788996124
ENSG00000009844	6	VTA1	6,019330545	6,076282098	5,915933697	6,388096728	6,08599892	6,49364409	6,318555071	6,75008436	6,449229659	6,464498777
ENSG00000009950	7	MLXIPL	5,761737183	5,830657504	5,5172126	5,13014143	5,667370927	5,412634576	4,671492406	5,450744777	4,817892773	4,961017873
ENSG00000009954	7	BAZ1B	6,738459662	7,119921826	6,988963962	6,812415111	6,879318312	6,677877041	6,795595005	6,929648309	6,7728724	6,865512838
ENSG00000010017	6	RANBP9	4,74101046	4,309186991	4,410552767	4,638253168	4,482387209	4,840158336	4,631021438	4,299718028	4,527578786	4,60828715
ENSG00000010030	6	ETV7	-0,404183818	-0,581087131	-0,366706232	-0,955064032	0,010520734	0,693770469	0,564461505	0,110187596	0,43747618	-0,500405928
ENSG00000010072	1	SPRTN	3,756100386	3,83122952	4,46028516	4,508079613	4,078857461	4,643206264	4,579665578	4,89007577	4,184476404	4,966135547
ENSG00000010165	1	METTL13	4,163179026	4,225870578	4,114950295	3,783747387	4,004302878	4,527239999	4,302891084	5,084408712	4,603218922	4,72260474
ENSG00000010219	12	DYRK4	-0,616218907	-0,773415093	0,688087635	-0,374360603	0,07258173	-0,554663392	-1,445886446	-0,416540708	-0,870120622	-0,782339443
ENSG00000010244	17	ZNF207	7,074760902	7,030009377	6,958325964	7,174719313	7,318184135	7,522577667	7,547469018	7,194062868	7,504126116	7,323652766
ENSG00000010256	3	UQCRC1	6,027806536	6,35542203	6,210544663	5,946832446	6,422607384	6,34270112	6,56349049	6,700134313	6,47043189	6,240294815
ENSG00000010270	7	STARD3NL	4,430854148	4,134705312	4,387766732	5,039959015	4,415044946	4,715393945	4,667559217	4,567089961	4,382879821	4,821452752
ENSG00000010278	12	CD9	3,145227319	3,333231619	4,370911924	5,641346427	3,644866931	4,738266293	4,220564249	3,519516274	4,805767873	4,690180741
ENSG00000010292	12	NCAPD2	5,456908929	4,819902106	5,727277149	6,258826362	5,95073564	6,961846086	6,798804174	6,552334629	6,809880653	6,729588942
ENSG00000010295	12	IFFO1	5,33037797	5,817165154	5,785478597	5,319488797	6,030415947	5,464522261	5,805003603	5,803361302	5,958926787	5,670481592
ENSG00000010310	19	GIPR	1,305537195	2,628936776	2,129116853	1,20020634	2,117749455	0,955509847	1,357004631	2,035652495	1,576271816	1,12833198
ENSG00000010318	3	PHF7	2,177874476	3,027508401	2,813143661	2,613647445	3,669241832	3,655792673	3,847056612	2,890403349	3,557210523	3,59826293
ENSG00000010319	3	SEMA3G	1,360839542	3,228301129	2,470467323	2,124180251	2,08841187	1,925544265	2,478300531	2,358885739	2,385407231	2,601422034
ENSG00000010322	3	NISCH	5,537833512	5,75258141	5,208392346	5,333080185	5,569976076	5,444804042	5,500374006	5,578920671	5,528586603	5,502493536
ENSG00000010327	3	STAB1	0,09976516	0,900872679	0,741919726	-0,296214101	0,917208302	1,271628775	0,695013908	2,158993234	-0,140555045	1,252322169
ENSG00000010361	19	FUZ	3,723837299	4,679540247	4,762301551	4,892835325	4,830628894	5,1254802	5,220737935	5,070631349	5,148384326	5,496021872
ENSG00000010379	12	SLC6A13	-1,134572453	-0,773415093	-0,498113743	-1,445886446	-1,124821576	-1,445886446	-1,150326491	-1,445886446	-0,058787229	-1,445886446
ENSG00000010404	X	IDS	3,746292428	4,181111594	4,030734922	4,330941841	3,724669997	3,905543393	3,098541025	3,352739976	4,337410966	3,786359387
ENSG00000010438	9	PRSS3	-0,811008011	0,916752557	-0,156449213	-0,296214101	0,721213258	-0,206133711	-0,793548016	0,290621548	0,037074109	-0,659794626
ENSG00000010539	16	ZNF200	3,118662952	2,60264257	3,230680717	3,299621379	3,100257748	3,330981618	3,317191678	3,621636452	3,55805586	3,42490756
ENSG00000010610	12	CD4	-0,594254118	0,227730722	0,545799541	0,124463739	0,036933137	-0,834544579	-0,657507324	-1,143444584	-0,009897231	-0,451558889
ENSG00000010626	12	LRRC23	3,277642117	3,812405359	3,374369749	2,919892613	3,685277534	2,666533625	2,735177383	3,024150994	2,953521308	2,864709336
ENSG00000010671	X	BTK	0,101993742	-0,673982717	0,423340833	0,127156755	-1,163970545	-0,601682661	-1,158184466	-0,252635229	0,26525312	-0,457656835
ENSG00000010803	1	SCMH1	6,922758852	6,749692602	6,851070451	6,952521388	6,569998236	6,788032943	6,81167673	6,296025603	6,339716792	6,306258412
ENSG00000010810	6	FYN	8,144365322	7,954050255	7,907164087	8,371335789	7,867850931	7,724120333	7,663083361	7,40056927	7,805091795	7,898539989
ENSG00000010818	6	HIVEP2	4,464143511	4,969551004	5,114144904	5,146799156	4,54133643	4,589284413	4,47018736	4,829452287	4,198208853	4,575905587
ENSG00000010932	1	FMO1	-0,729902379	0,269109834	-0,789378927	-1,445886446	-1,445886446	-0,343240034	-1,445886446	-0,634194293	-1,445886446	-1,151969079
ENSG00000011007	1	ELOA	4,707588075	4,994194219	5,461959427	5,962091005	5,021342793	5,861523448	5,765196485	5,933083715	6,088690036	5,778842826
ENSG00000011009	1	LYPLA2	5,503010109	4,697546216	4,640486298	4,817013824	4,704736938	5,412596191	5,499721569	6,030885363	5,393134379	5,602685254
ENSG00000011021	1	CLCN6	2,107343655	2,592814722	1,083234589	1,338812657	2,15551252	2,109165085	2,623122953	3,252636145	2,334788304	2,045439092
ENSG00000011028	17	MRC2	6,178625392	6,441723853	6,410841102	6,377699907	6,307237383	5,667393717	5,739267041	4,84171788	5,602278366	4,943346354
ENSG00000011052	17	NME1-NME2	1,820622631	1,685886471	1,518550394	1,134738673	1,846232864	1,691960345	1,400192767	1,771095371	1,421054665	1,9293519
ENSG00000011105	12	TSPAN9	4,610992978	4,914176978	4,483996933	4,284359261	4,539762265	4,147600238	4,292542851	4,385589353	4,300423884	4,148168679
ENSG00000011114	14	BTBD7	6,958728871	6,997729713	6,877226841	6,503259895	7,016621373	6,785145506	6,923400258	7,1332946	6,777469828	6,860123608
ENSG00000011132	19	APBA3	3,847394411	4,211083663	3,898159802	3,597440165	4,346377334	4,029112326	4,082465177	3,886602573	4,101963587	3,926333203
ENSG00000011143	17	MKS1	4,022756061	4,150025515	3,845233084	4,194962416	4,108107514	4,413960194	4,671022575	3,541088735	4,847609686	4,1564042
ENSG00000011198	3	ABHD5	4,135078125	4,25640617	4,231844442	4,038987788	4,687624562	4,098094199	3,865345345	4,116576485	3,962173529	4,227720329
ENSG00000011201	X	ANOS1	3,965898404	3,377557871	3,660452651	4,537988391	3,704119716	3,134653432	3,914055851	3,18721	3,614475326	3,126905405
ENSG00000011243	19	AKAP8L	5,447455541	5,478609088	5,6943838	5,286421105	5,563975224	4,918566654	5,189988036	4,622390458	4,754089513	4,795296076
ENSG00000011258	17	MBTD1	5,057936006	4,699048511	4,779531369	4,951575365	4,503168547	4,952177595	4,994023769	4,104402105	4,9842083	4,430976335
ENSG00000011260	17	UTP18	5,247098521	5,076153458	4,948938919	5,290623766	4,96754006	5,549965508	5,39132604	5,058631302	5,414861857	5,193770344
ENSG00000011275	7	RNF216	6,535366048	6,551760276	6,400054288	6,386992787	6,4228258	6,440402934	6,44930898	6,521798187	6,185932181	6,328655014
ENSG00000011295	17	TTC19	6,30251415	6,424811296	6,531028471	6,272813823	6,823514461	6,725678377	6,90703164	6,340564873	7,351820506	6,524087067
ENSG00000011304	19	PTBP1	8,54648469	8,431240084	8,545563792	7,853647066	8,611372902	8,543817345	8,74422504	8,883810808	8,77086583	8,640130934
ENSG00000011332	19	DPF1	3,970954351	4,285461259	4,072934049	3,849090909	4,621578705	3,689476097	4,065570513	4,277879879	4,484831149	4,19854479
ENSG00000011347	11	SYT7	2,175382587	1,875031284	2,323024168	1,987198246	2,082179339	2,783817408	2,406430542	1,185354385	2,884836003	2,294570973
ENSG00000011376	3	LARS2	4,701900824	4,843549398	4,595160242	4,450563994	4,408100601	5,185024337	4,825043181	5,318885266	4,833966516	5,101226015
ENSG00000011405	11	PIK3C2A	7,410042582	6,793894154	6,511946075	6,938688837	7,105002998	6,669016372	6,747816562	7,201795491	6,998028805	6,956804966
ENSG00000011422	19	PLAUR	2,697648355	2,085327432	3,182661327	3,964313074	3,211193356	3,254536863	2,691376336	3,111078058	3,334699711	3,978177303
ENSG00000011426	7	ANLN	4,85071687	4,212458379	4,831044246	5,252633829	4,770038238	5,361075895	5,277432543	5,242461436	5,041574755	5,805808859
ENSG00000011451	19	WIZ	5,686777067	5,850820026	5,825638249	5,968832564	5,833706502	6,312717972	6,275379277	6,113433915	6,293230548	6,363545346
ENSG00000011454	9	RABGAP1	6,790578472	6,56808231	6,535329522	6,855355759	6,488301984	6,290600278	6,165413148	6,091969543	6,405838836	6,297555032
ENSG00000011465	12	DCN	-1,445886446	-0,518540657	-1,445886446	-0,795949597	-0,482988009	-1,445886446	0,047928462	-1,143444584	-0,953302058	-0,663858239
ENSG00000011478	19	QPCTL	1,861603113	2,461945536	2,512024266	2,203717454	2,814272377	1,816596507	2,253514779	3,144812071	2,677529561	2,298423853
ENSG00000011485	19	PPP5C	4,757323765	4,618269805	5,267432701	4,90648453	5,034881686	5,316787471	5,244675847	4,834089353	5,637417071	4,834045893
ENSG00000011523	2	CEP68	5,582835355	5,408869283	5,090323396	5,417741101	5,112562014	5,15921773	5,192047315	5,287097659	5,626519123	5,358514597
ENSG00000011566	2	MAP4K3	5,192654571	5,333446471	5,12100119	5,150719985	4,840399697	4,943482521	5,083408319	4,606858216	4,834455428	4,94369339
ENSG00000011590	19	ZBTB32	-1,445886446	-1,146989599	-0,947711314	-1,445886446	-1,163970545	-0,689246108	-1,445886446	0,040511905	-1,158340456	-0,782339443
ENSG00000011600	19	TYROBP	-0,811008011	0,55573724	-0,789378927	-0,947647779	-1,445886446	-1,445886446	-1,445886446	-1,445886446	-1,445886446	-1,445886446
ENSG00000011638	16	LDAF1	2,355653468	2,95765987	3,241489561	2,953085775	3,036603256	2,520087543	2,934990872	2,377575162	2,503776651	2,244009101
ENSG00000011677	X	GABRA3	0,865375137	-0,30783538	-0,367093414	-0,369378745	-0,842905675	-0,110378116	-1,445886446	-0,767609726	0,26525312	-1,151969079
ENSG00000012048	17	BRCA1	6,539065765	6,962545377	6,640971146	6,399355126	6,672983517	6,570039272	6,4885795	6,335673653	6,59520493	6,399904796
ENSG00000012061	19	ERCC1	5,381041408	5,239546904	5,086162529	5,277321668	5,264983466	5,282541582	5,487171241	4,859891585	5,352243462	4,994680392
ENSG00000012124	19	CD22	-1,122322004	-0,773415093	0,046713709	-0,795949597	-0,842905675	-1,159190503	-1,445886446	-1,445886446	-0,140555045	-1,445886446
ENSG00000012171	3	SEMA3B	2,932438155	3,411786953	3,310161104	2,701094239	3,418183666	2,388177765	1,845357493	2,275030131	2,982603998	2,309724626
ENSG00000012174	X	MBTPS2	5,715259316	5,412388796	5,480793611	5,498030196	5,421089395	5,466827263	5,755974375	5,397252588	5,626741264	5,694967427
ENSG00000012211	X	PRICKLE3	-0,035385584	0,248719644	0,94908486	-0,297710931	0,763688504	1,301564962	-0,076565281	1,09039159	1,145488568	1,317213105
ENSG00000012223	3	LTF	-0,616218907	-0,773415093	-1,445886446	-1,445886446	-1,445886446	-1,159190503	-1,445886446	-1,445886446	-0,870120622	-1,445886446
ENSG00000012232	8	EXTL3	6,237154716	5,868527132	6,071393149	6,273288582	5,959804212	6,030259653	6,251050157	6,115638005	6,161925186	6,019751185
ENSG00000012660	6	ELOVL5	6,073823928	5,711343729	5,504254366	6,122171128	5,78340976	6,482158789	6,62023597	6,172137629	6,177876101	6,560867784
ENSG00000012779	10	ALOX5	2,522574214	3,456355339	3,420851539	2,75157365	3,793569968	2,210167717	2,698565084	1,605083308	2,333928731	1,555875034
ENSG00000012822	12	CALCOCO1	1,655760048	1,109442766	2,035496306	2,742219957	2,283384635	2,262902541	1,927463264	1,4817081	1,436969076	1,628868454
ENSG00000012963	14	UBR7	4,646049996	4,399486939	4,87077559	4,931627399	5,163934386	5,27131952	4,980188059	4,946731568	5,216795338	5,195280758
ENSG00000012983	14	MAP4K5	5,885431707	5,63143118	5,822404968	5,601035237	5,73947448	5,888866908	5,660904259	5,53950263	5,685140879	5,752863668
ENSG00000013016	2	EHD3	1,022468053	0,923547313	1,169233512	0,698446859	1,493297011	2,625277259	2,537448582	1,734387661	2,04690209	2,667408201
ENSG00000013275	19	PSMC4	7,21553799	6,780757998	6,800267758	6,766567443	7,157040918	7,280204021	7,09850835	7,459573046	7,492473527	7,328451113
ENSG00000013288	4	MAN2B2	3,945286858	4,262429629	4,263016609	3,129135995	4,353348826	3,978468962	4,111932624	4,092029461	4,105524385	3,887048754
ENSG00000013293	3	SLC7A14	-0,019234574	-0,463277441	-1,155877645	-0,795949597	-0,842905675	-1,445886446	-1,150326491	-0,767091157	-0,664742058	-1,445886446
ENSG00000013297	3	CLDN11	3,042349795	4,37724018	3,495679973	2,653299906	4,821954264	3,350306291	3,540449123	3,570534267	4,468121528	3,26200483
ENSG00000013306	17	SLC25A39	6,374512712	6,73213766	6,640220929	5,871761712	7,058845103	6,953931544	7,192750555	7,460418289	7,109489604	6,806457105
ENSG00000013364	16	MVP	4,308558988	3,689649557	3,741922892	3,52475321	4,027678865	2,205277241	2,254490813	0,335326426	1,919708063	1,773988401
ENSG00000013374	7	NUB1	6,413640758	6,199609378	6,240493154	6,537756565	5,944096325	5,598492814	5,73619458	5,658682412	5,43534565	5,884820824
ENSG00000013375	6	PGM3	5,218258229	4,777720447	4,806896887	5,263436283	5,021235978	5,153369331	4,979100843	5,301910355	5,376048106	5,070845868
ENSG00000013392	6	RWDD2A	1,989611848	1,726329343	1,897761191	2,088240392	0,56850407	1,588883205	1,357004631	2,346769879	2,113641982	1,498339679
ENSG00000013441	2	CLK1	5,275356132	4,607110816	4,973447175	5,135416594	4,423321284	4,538395383	4,363376668	4,268168439	4,372595392	4,252140021
ENSG00000013503	12	POLR3B	4,366657158	4,284029636	4,264181958	4,013677654	4,260773444	4,738192376	4,531029547	4,910974931	4,340495703	4,773120696
ENSG00000013523	14	ANGEL1	3,832711628	4,068274234	4,092754944	3,661878301	3,875336092	4,156918157	3,640610564	3,256026136	3,714367242	3,593409953
ENSG00000013561	5	RNF14	4,344858015	3,459036069	4,618997634	4,99170245	4,79914423	5,47201658	5,142982283	5,109812153	5,42743294	5,479112145
ENSG00000013563	X	DNASE1L1	2,774397687	2,797885888	2,686310803	3,149143254	3,170691837	3,053544215	2,918933498	3,279903872	3,479753276	2,800276073
ENSG00000013573	12	DDX11	6,137933992	6,419745709	6,275008048	6,152420978	6,362205173	6,082372741	6,204646792	6,127522212	6,052793373	5,962263123
ENSG00000013583	12	HEBP1	5,059492855	5,227833834	5,018304416	5,285268991	5,74954056	5,28595356	5,482583462	5,300271687	5,695908228	5,40063925
ENSG00000013588	12	GPRC5A	4,016368029	4,389873853	4,449640146	3,966060289	4,371816521	3,441917161	3,659110274	3,676446557	3,485283445	3,85515426
ENSG00000013619	X	MAMLD1	2,273062328	2,445034968	3,252357622	3,751006284	2,325895363	2,749231643	2,826692729	2,28093279	2,695608111	2,750589464
ENSG00000013725	11	CD6	-0,418588387	-1,146989599	-0,290870576	-0,231249892	0,283517294	-0,834544579	-0,367435658	-0,841293932	-1,157666611	-1,158612783
ENSG00000013810	4	TACC3	6,792922059	6,989860995	7,004017283	6,906428857	7,237346158	7,269682357	7,614050115	7,581190986	7,652890995	7,307573734
ENSG00000014123	6	UFL1	4,697728052	4,637114314	4,529678876	4,858674249	4,359587522	4,935450188	4,894532827	4,866044835	5,445439728	4,977832073
ENSG00000014138	11	POLA2	5,476297871	5,411343624	4,980205635	5,584639615	5,84343646	6,06708098	6,335880149	6,380139119	6,1430073	6,171716766
ENSG00000014164	8	ZC3H3	5,22734478	6,129954641	5,904221818	4,447309754	5,399386053	4,018961593	4,204947571	4,343454417	5,054078225	3,790396179
ENSG00000014216	11	CAPN1	4,702527119	4,162083929	4,234557445	4,57048854	4,98697979	4,420942869	4,409336253	4,727945817	4,680836127	4,448970191
ENSG00000014257	3	ACP3	-0,292654465	-0,26961976	0,545799541	-0,955064032	-0,113234179	-0,834544579	-0,15838247	-1,143444584	-0,661953351	-0,000311237
ENSG00000014641	2	MDH1	6,910615857	6,224655092	6,639178046	6,951468421	6,309590485	6,853074208	6,830083785	7,1792151	6,963676743	7,059256632
ENSG00000014824	4	SLC30A9	6,556044088	6,616270475	6,486756779	6,473232917	6,705869579	6,619357454	6,855765395	6,561650165	6,738227047	6,702508295
ENSG00000014914	1	MTMR11	2,054825559	3,294679616	2,950400406	3,373381534	2,754838567	1,748005378	2,13612066	1,566096612	1,573481627	1,421170924
ENSG00000014919	10	COX15	4,42517379	4,425506067	4,3364108	4,384234964	4,763718686	5,233996176	5,394293965	5,362920281	5,286574763	5,470300409
ENSG00000015133	14	CCDC88C	5,415728154	6,016407574	5,469795489	5,410943457	5,747829651	5,056743713	5,358429387	5,387373787	4,789356929	5,301425147
ENSG00000015153	12	YAF2	5,525043215	5,830867507	5,69024349	5,703543824	5,623002783	5,37918846	5,476723586	5,842724309	5,596508385	5,433890405
ENSG00000015171	10	ZMYND11	5,465205765	4,804998241	5,270253912	5,6614094	5,06060768	4,949376226	5,26337617	5,193521154	5,277025561	5,33031075
ENSG00000015285	X	WAS	0,797924118	1,800806277	1,03358858	0,28627119	1,701556375	0,724545938	1,003707217	0,732191655	0,522022306	1,067045549
ENSG00000015413	16	DPEP1	-0,21245702	-1,171287913	0,046713709	-0,258350642	-0,734260364	-0,343240034	-0,653571323	-1,143735793	-1,445886446	-1,445886446
ENSG00000015475	22	BID	5,41498433	5,579110413	5,641147386	4,849527812	5,086108095	4,559380729	5,159151233	5,195018303	4,731423914	4,366290125
ENSG00000015520	7	NPC1L1	1,670307097	2,191435043	1,950893777	2,025556568	1,409287406	-0,893854711	1,365184765	-0,767091157	-0,505065177	-0,051261399
ENSG00000015532	17	XYLT2	4,163001991	4,094860508	4,343184174	3,878122164	4,401452545	3,784057656	4,034701938	4,171600688	4,262008502	3,782819171
ENSG00000015568	2	RGPD5	1,63443735	0,099918469	1,187477803	-0,057117184	0,860986341	0,78950243	1,745984607	0,978523064	0,487949808	0,896202983
ENSG00000015592	8	STMN4	0,613814722	-0,773415093	-0,291203796	0,127156755	-0,353628075	-0,110378116	-0,154441704	-1,143444584	0,437549964	-0,500405928
ENSG00000015676	7	NUDCD3	6,730924811	6,158463705	6,338733979	6,366170909	6,46544092	6,389228444	6,467399503	6,464390353	5,970716439	6,286556921
ENSG00000016082	5	ISL1	2,209007944	2,793089635	2,543016002	2,312884739	2,516147721	3,793501903	3,343422084	4,170133078	3,2488912	3,691486446
ENSG00000016391	3	CHDH	4,356491646	4,220121376	4,309220528	4,061402853	4,243751665	4,396114283	4,548268505	4,33584014	4,351690788	4,678177944
ENSG00000016490	1	CLCA1	-1,445886446	-1,171287913	-0,073755827	-1,445886446	-1,445886446	-0,986997572	-0,647260872	-1,143444584	-0,952288047	-1,445886446
ENSG00000016864	3	GLT8D1	4,466555932	4,411044262	4,572390231	4,615152555	4,631061865	4,977699259	5,152436614	5,143192183	5,045082018	5,122231752
ENSG00000017260	3	ATP2C1	5,316012661	5,348533225	5,154147856	5,616885391	5,075308167	5,424117262	5,457680817	5,033686613	5,166504291	5,402105206
ENSG00000017797	18	RALBP1	5,056350375	5,583595368	5,523589199	5,557721865	5,509876664	5,683022666	5,8035041	6,054720585	6,143980186	6,142608283
ENSG00000018189	4	RUFY3	5,901037696	6,125682905	5,8143037	5,953455563	6,025261913	6,270899666	6,16715747	6,010586467	5,944262454	5,846071543
ENSG00000018236	12	CNTN1	2,325985167	2,460983107	3,256042754	2,085573795	2,434117528	1,768820946	2,191936423	2,108524111	1,366588612	1,784027483
ENSG00000018280	2	SLC11A1	1,337812581	2,089639425	1,187526628	1,573404302	0,892042777	0,382756542	0,564461505	0,178072511	0,617941103	0,001027335
ENSG00000018408	3	WWTR1	5,299558103	5,638097848	5,335777356	5,329500371	5,049679743	5,156324373	5,256027925	5,237124968	5,107440414	5,336665041
ENSG00000018510	2	AGPS	5,583605109	5,495630777	5,311839412	5,59511058	4,949871504	5,219209962	5,275231176	5,251448429	5,630723893	5,56788041
ENSG00000018610	X	STEEP1	4,446349128	4,212497286	4,030748195	4,22947312	4,735027101	4,605036686	5,280242356	5,304714833	5,092588845	5,229219894
ENSG00000018699	2	TTC27	3,735047624	3,947895753	4,143704062	4,211176063	3,544561848	4,775057251	4,498485579	4,734765545	4,204295724	4,608994163
ENSG00000018869	19	ZNF582	3,708476844	3,601314196	3,218354061	3,482364531	3,548376394	3,085559375	3,678752855	1,960296472	3,468576607	2,909857156
ENSG00000019144	11	PHLDB1	4,766124658	4,906297119	4,679784869	4,482654534	5,258492822	5,05663815	5,064104365	5,240778039	5,257731277	4,687064612
ENSG00000019485	11	PRDM11	3,199450055	2,371583921	2,449840056	3,638881703	3,102707058	2,606250279	2,926749036	2,373497629	2,794467141	1,920761652
ENSG00000019505	11	SYT13	-1,122322004	0,022837515	-0,949598305	-0,787036515	-0,640728202	-0,530033801	-0,779390157	-0,930996636	-0,664742058	-1,445886446
ENSG00000019549	8	SNAI2	3,934266427	4,803895277	5,382096719	5,134310109	4,903761628	5,851721677	5,668724592	4,93397589	5,053229405	5,792699975
ENSG00000019582	5	CD74	-1,134572453	0,513994454	-0,498113743	-1,445886446	-0,419331458	-0,986997572	-1,445886446	-0,424309759	-0,551371617	-1,445886446
ENSG00000019991	7	HGF	-1,122322004	-1,146989599	-1,155877645	-0,868203088	-0,842905675	-0,547848636	-0,047876193	-0,521645256	-0,661953351	-0,158361363
ENSG00000019995	10	ZRANB1	5,319063341	5,511599755	5,36943837	5,11659785	5,547586999	5,162255916	5,204641501	5,107103243	5,210665306	5,370962485
ENSG00000020129	1	NCDN	5,470625666	5,989594407	5,651099428	4,927915071	6,187184561	6,615460753	6,634362274	6,854874341	6,84666661	6,375396934
ENSG00000020181	8	ADGRA2	3,552189273	3,258058462	3,741336927	3,781818727	4,058453632	3,520500379	3,836468474	3,165998607	3,803162948	3,288954466
ENSG00000020256	20	ZFP64	6,611702126	6,734860393	6,577701192	6,514545383	6,703581691	6,757764772	6,783627336	6,638375578	6,635907826	6,726287913
ENSG00000020426	14	MNAT1	3,552468618	3,12713216	3,616976332	3,383053477	2,980515073	3,115299701	3,430913834	2,903647854	2,378502939	2,938357794
ENSG00000020577	14	SAMD4A	4,901205639	4,868262137	4,952891298	4,898463221	4,584171963	4,62513868	4,855458368	4,225466326	4,158257092	5,020065754
ENSG00000020633	1	RUNX3	0,810432965	4,542517008	4,301323805	3,700404544	4,148870451	0,65823839	0,864167218	-1,143444584	3,643686836	0,337693795
ENSG00000020922	11	MRE11	6,275323107	5,610910844	5,440738768	6,167809381	5,981179938	6,25450075	6,328610968	6,082880824	6,501785215	6,236634021
ENSG00000021300	11	PLEKHB1	2,295977495	2,654766326	2,213975572	2,509611701	1,722104284	1,840985885	1,984163511	2,079597337	2,916320979	1,825154839
ENSG00000021355	6	SERPINB1	4,452196389	4,378365845	4,126961234	3,838990399	3,677423202	4,028605409	3,888758168	4,33763152	4,189273643	4,092378677
ENSG00000021488	19	SLC7A9	0,292079419	0,513994454	-0,291203796	0,561163274	0,398557054	-0,33648072	-0,288934873	-0,416540708	-1,445886446	-0,451558889
ENSG00000021574	2	SPAST	4,046601113	4,001848065	4,157279847	4,390426306	4,045459882	4,039016769	4,190211872	4,332093169	4,301628676	4,361631922
ENSG00000021645	14	NRXN3	2,393101048	2,186048741	1,351962367	0,892735992	1,624368191	0,451308319	1,33350745	1,349564201	0,935407638	1,337268384
ENSG00000021762	11	OSBPL5	4,568816647	4,642111439	4,372756363	4,394418719	5,152078601	4,807310228	5,247524523	4,902734786	5,072005358	4,856457493
ENSG00000021776	15	AQR	5,79260211	6,290871565	6,163262712	5,748486695	5,545420799	4,796548549	5,615526773	5,711994144	5,944360837	5,58398855
ENSG00000021826	2	CPS1	4,361175237	4,547132974	5,064303562	5,221818724	4,495277248	5,317311343	5,170309525	4,923929404	5,071079884	5,120150075
ENSG00000022267	X	FHL1	6,803280622	6,421441774	6,63438993	6,846197969	6,077869495	6,085425877	6,149654266	6,406199732	6,488552203	6,171432197
ENSG00000022277	20	RTF2	2,1489243	1,882146425	2,317358788	1,914599878	1,482394602	2,313537198	2,101113272	2,013375333	1,699381873	1,393046538
ENSG00000022556	19	NLRP2	-0,592523053	0,336268841	-0,451423174	-0,665668109	-1,124821576	-0,986997572	-1,445886446	-0,416540708	-0,665082223	-0,539135085
ENSG00000022567	8	SLC45A4	2,092905339	2,503531795	2,650813352	1,987721784	2,321710364	2,266190952	1,537828022	3,116723026	1,906540812	2,585048022
ENSG00000022840	12	RNF10	7,000468534	6,624955895	6,558048825	7,021406177	7,068863535	6,898489651	6,999031964	7,217456828	6,864047998	7,007669188
ENSG00000022976	14	ZNF839	4,530924775	4,772805705	4,69609237	4,232911135	4,368394922	4,701006326	4,657323426	4,664028649	4,990250108	4,416469047
ENSG00000023041	10	ZDHHC6	3,376150425	3,853067538	3,224411185	4,031909526	4,126688654	4,868977088	4,716665947	4,851797546	4,647518805	4,430562127
ENSG00000023171	11	GRAMD1B	3,643656904	3,594317552	3,447058321	3,765710084	3,802931954	3,226311527	3,039592264	3,047837341	2,812707976	3,153108173
ENSG00000023191	11	RNH1	5,801077432	5,473992344	5,517447913	5,748990723	5,757999251	5,847081177	5,97646877	6,463923462	6,24968448	6,127521702
ENSG00000023228	2	NDUFS1	5,975312101	6,215942093	6,019802809	6,10780198	5,528897034	6,047163258	6,029824555	5,841604089	6,153926956	6,042580715
ENSG00000023287	8	RB1CC1	5,935242116	5,802571286	6,089784993	6,098696012	6,242463343	6,351170296	6,080499756	5,737200403	5,936710926	6,243369827
ENSG00000023318	9	ERP44	5,367042967	5,114181435	5,137926418	5,815121165	5,048034981	5,526559283	5,448471865	5,761046335	5,567070121	5,782100667
ENSG00000023330	3	ALAS1	2,867703787	2,364231007	2,771238681	3,780625936	2,67048537	3,679397276	3,323394085	3,296439093	3,17364512	3,853508865
ENSG00000023445	11	BIRC3	-0,035385584	-0,673982717	0,000394608	0,6225238	0,378679008	-0,495693027	-1,158184466	0,403210462	-0,793830325	0,1101325
ENSG00000023516	13	AKAP11	3,251650289	3,027581677	3,349853878	3,607670794	2,952328043	3,35026572	3,560223378	3,268102822	3,246583443	3,474847152
ENSG00000023572	1	GLRX2	3,87056443	3,785399783	4,026877068	3,640689227	3,772779225	3,991801569	3,647023936	4,832920853	4,247830253	4,564549494
ENSG00000023608	14	SNAPC1	4,656190956	5,168687772	4,844596967	4,55995797	4,690916189	4,481177162	4,836283831	4,275573022	4,511839108	4,824754714
ENSG00000023697	12	DERA	3,733681064	2,675598711	3,79669434	4,557961238	3,010171513	4,713141516	3,879670106	3,758512353	4,0026177	4,535574662
ENSG00000023734	12	STRAP	6,493184094	6,669883493	6,537056128	7,079329565	6,672201682	7,111278839	6,959031095	6,714092578	7,014038854	7,031575738
ENSG00000023839	10	ABCC2	1,029194812	1,266633591	1,249323728	0,201406787	1,186922484	0,312455978	-0,151275769	-0,634194293	0,32706645	-0,292170191
ENSG00000023892	6	DEF6	0,565704963	1,411100775	2,012612548	0,9142922	1,64190596	1,165420206	0,502179279	0,597911263	0,984955885	0,083977373
ENSG00000023902	1	PLEKHO1	6,162248434	6,104048329	6,159620708	6,055727875	6,369984768	6,126910242	6,054705317	5,99068889	5,977764063	6,090297898
ENSG00000023909	1	GCLM	5,704715439	5,771832914	5,265857493	5,273772934	5,564157749	5,317311343	5,431085459	5,883063835	5,770198127	5,757040189
ENSG00000024048	6	UBR2	5,616111801	5,438911594	5,143024639	5,549922452	5,299883694	5,478533227	5,431404782	5,428733129	5,537257895	5,53105381
ENSG00000024422	19	EHD2	2,797943668	3,046971662	2,750974127	2,579703156	3,126757228	2,008158362	2,188385424	2,590728803	3,095387443	1,739812701
ENSG00000024526	1	DEPDC1	5,471800764	5,74033941	5,500483678	5,847843808	5,654066529	6,188699741	6,204949164	6,231888084	6,373445385	6,195934239
ENSG00000024862	6	CCDC28A	5,191305039	4,280295046	4,926750034	6,014414356	4,740067143	5,290287877	4,579014751	5,201290807	5,374230387	5,361820655
ENSG00000025039	6	RRAGD	5,086791488	5,420724164	5,183727562	5,203014353	5,161254685	5,280639031	5,168717821	5,219692925	5,034251195	5,225469904
ENSG00000025156	6	HSF2	7,495192134	7,233039521	7,082393022	7,383842212	7,13875813	7,196991114	7,127599323	7,411163185	7,076545289	7,231362863
ENSG00000025293	20	PHF20	7,140860854	7,228949026	7,10881739	6,951778417	6,87812569	6,757418238	6,845367111	7,039363847	6,757609402	6,892356866
ENSG00000025423	12	HSD17B6	2,682389106	2,840384988	2,800443435	2,192762324	3,411936488	3,077022344	3,017333377	2,645513455	3,422053266	3,14686755
ENSG00000025434	11	NR1H3	2,843463938	0,837109082	1,129724893	2,416039113	1,501050387	2,134817301	2,156284093	2,561980637	1,976353773	2,208897514
ENSG00000025708	22	TYMP	0,508833312	0,115630636	0,449743456	-0,947647779	-0,903424831	-0,351874007	-0,653571323	-0,331468989	-1,445886446	-0,539135085
ENSG00000025770	22	NCAPH2	5,362224724	6,148733367	5,130765455	5,351131661	6,250972373	5,012351571	5,136137306	5,514625417	4,761442407	4,973101268
ENSG00000025772	20	TOMM34	5,756764122	5,407920225	5,413463211	5,446048092	5,347826102	5,911928084	5,965747365	6,520797711	6,201821709	6,040361345
ENSG00000025796	6	SEC63	7,525152785	7,279870743	7,370869903	7,85477085	7,173490375	7,563590211	7,575887361	7,403018649	7,714748009	7,805021422
ENSG00000025800	1	KPNA6	5,476854536	5,432530895	5,212143434	4,999842575	5,382238276	5,293212446	5,088195999	5,529613063	5,238500053	5,075286315
ENSG00000026025	10	VIM	6,709249395	7,19382201	7,799279243	8,451353365	7,63298412	8,486034886	8,560291373	7,970307754	8,34734895	8,916044423
ENSG00000026103	10	FAS	1,888098386	2,05827129	2,058052683	2,855351192	2,20551738	2,362524107	2,828017012	2,054253026	1,744704168	2,842556893
ENSG00000026508	11	CD44	4,506775361	4,305449864	4,752487826	4,995183658	5,305798491	6,347102291	6,58166506	6,187665684	6,294870726	6,528321416
ENSG00000026559	20	KCNG1	4,121358131	4,269664324	4,359773691	3,798980695	4,738187687	4,233159389	4,620374027	4,480766448	4,866045847	4,624911903
ENSG00000026652	6	AGPAT4	6,533608176	6,464174998	6,26216495	6,44631206	6,301206092	6,302542464	6,360049387	6,701447033	5,958342154	6,532893104
ENSG00000026950	6	BTN3A1	2,204949789	2,929288954	2,350257108	2,328371547	2,829505442	2,352326012	2,614101714	3,009087045	1,672440128	2,749875303
ENSG00000027001	13	MIPEP	3,393943387	2,631189233	3,437362987	3,385440516	3,166408063	4,256253976	4,281265912	4,188277495	4,085127008	4,478287507
ENSG00000027075	14	PRKCH	2,495363576	1,519514877	1,359460519	2,025556568	1,986887543	1,952787767	1,595235083	1,357638925	0,597867834	1,394803739
ENSG00000027644	1	INSRR	-1,445886446	-0,49881656	-1,445886446	-1,445886446	-0,674692944	-0,508466511	-0,953067278	-1,445886446	-1,445886446	-1,445886446
ENSG00000027697	6	IFNGR1	2,414015369	1,72521872	2,494909727	3,628973655	2,749974517	3,054494139	2,81402081	2,966174156	2,542056405	4,285607672
ENSG00000027847	5	B4GALT7	3,731681394	4,016981107	4,019000128	3,827268833	4,133963536	4,348045354	4,52693842	4,514942671	4,567016642	4,512538586
ENSG00000027869	1	SH2D2A	-1,134572453	-0,300408212	0,132523512	-1,159510594	-1,163970545	0,47845068	-1,445886446	-1,445886446	-1,445886446	-1,445886446
ENSG00000028116	2	VRK2	3,648963955	4,496065864	4,312552244	3,780625936	4,631641324	4,103380855	4,017264599	3,816921486	4,525381189	4,271809209
ENSG00000028137	1	TNFRSF1B	0,169173953	-0,282190284	-0,048529215	-1,445886446	-0,961793072	-1,159190503	-0,941273303	-1,143444584	-1,158340456	-1,445886446
ENSG00000028203	12	VEZT	5,75207043	5,718020224	5,555933177	5,632497129	5,637400884	5,441051699	5,428685221	5,418936813	5,046152448	5,568836645
ENSG00000028277	19	POU2F2	2,22551972	2,517432631	2,434610394	2,306981578	2,678422609	2,159323624	2,071456371	2,023275266	2,457170456	1,858323151
ENSG00000028310	5	BRD9	6,09999725	6,142369905	5,849884553	5,774794304	5,296235323	5,30197933	5,632825635	6,949561285	6,410633162	6,026194343
ENSG00000028528	15	SNX1	5,85218579	5,886316418	6,130740624	5,926249995	5,566443516	6,157801395	5,981760449	5,756331449	6,223392616	6,159386997
ENSG00000028839	6	TBPL1	4,552524374	4,665424287	4,799339644	5,123256803	4,570549593	5,17497325	5,122575318	5,46245993	5,031810167	5,381925159
ENSG00000029153	12	ARNTL2	3,65627673	3,113455638	3,08984984	3,272809879	2,867608314	3,59367644	3,509161034	3,800610815	3,567446145	3,629839503
ENSG00000029363	6	BCLAF1	6,684958991	6,473363188	6,635029413	6,665083334	6,676700158	7,20779104	7,226323804	7,263479063	7,389093022	7,342362374
ENSG00000029364	14	SLC39A9	6,849884951	6,496192955	6,363589291	6,671052085	6,471463941	5,951127022	6,095472805	5,602956767	5,763953425	5,982908439
ENSG00000029534	8	ANK1	2,75307428	3,626666419	3,651091543	4,003900286	3,050319791	2,535212916	2,691753644	0,892750564	2,276429255	2,026411411
ENSG00000029639	6	TFB1M	4,947053612	5,236810528	5,099521468	5,275431253	5,20062541	5,901492119	5,98560667	6,104006516	6,032325221	6,159188499
ENSG00000029725	17	RABEP1	6,86172254	7,099667088	6,841298085	6,568621982	6,880311933	6,606153756	6,741444314	6,589202788	7,146631188	6,651579768
ENSG00000029993	X	HMGB3	6,227396006	5,796634763	5,732908614	6,032060375	6,056445753	6,473612523	6,578167757	6,47080602	6,691130333	6,619383288
ENSG00000030066	11	NUP160	5,494058394	4,55985106	4,685805955	5,452723173	5,450347356	5,654502629	5,871285463	5,724484816	5,488840795	5,90372617
ENSG00000030110	6	BAK1	3,240045088	3,318271139	2,628649717	3,115062765	3,619308281	3,274595616	3,416581208	4,468734952	3,693726094	3,845730181
ENSG00000030304	9	MUSK	-0,035385584	0,185706744	0,000415052	0,330434862	0,001805581	-1,159190503	-0,862624512	-1,445886446	-0,505065177	-0,292170191
ENSG00000030419	2	IKZF2	0,897349692	0,34386142	1,187526628	0,622105284	0,378679008	0,539349047	0,213360682	-0,521030728	-0,663309716	0,044496269
ENSG00000030582	17	GRN	5,450376204	5,933784157	5,947208126	5,408819402	5,80168082	6,041955797	5,950941707	6,038000922	6,25184973	6,003939198
ENSG00000031003	5	FAM13B	4,508855355	4,77042178	4,82302931	4,292205259	4,264831969	3,929730431	4,27194775	4,041439865	3,83071906	4,127710101
ENSG00000031081	3	ARHGAP31	2,616532202	3,330362208	3,33637558	2,91047053	3,459930757	2,630574962	2,698767775	2,890403349	2,788622884	2,37946703
ENSG00000031691	6	CENPQ	4,912165634	4,640798944	4,622360586	4,902780586	4,286437755	4,057290114	4,185460188	4,024552116	4,40175606	4,512404901
ENSG00000031698	1	SARS1	8,571116347	8,368988505	8,266872106	8,279322897	8,474451907	7,730279481	7,862293357	7,307204559	8,144156407	7,72310351
ENSG00000031823	19	RANBP3	5,404754593	5,271906201	5,164378904	5,314614983	5,486747154	5,548947262	5,474109635	5,173353829	5,616466545	5,526846353
ENSG00000032219	14	ARID4A	5,189024521	5,476037982	5,33365943	5,227391147	5,167713911	4,759947653	4,76150403	4,286708689	5,235538313	4,818591671
ENSG00000032389	2	EIPR1	3,690612052	3,957456775	3,923846131	4,558716923	3,588930538	3,919717843	3,861687009	4,938503401	4,696519673	4,184408313
ENSG00000032444	19	PNPLA6	3,220528977	3,761417225	2,948041191	2,694422493	3,214368986	2,742436905	3,077987117	2,125301655	3,556206846	2,264887237
ENSG00000032742	13	IFT88	1,794684452	2,040161094	2,144946238	2,832487011	2,507311505	3,404707269	3,783633916	3,806812897	3,49996748	3,618868718
ENSG00000033011	16	ALG1	4,317916827	4,291752564	4,078311552	3,949291544	4,364790989	4,581089747	4,587045574	4,800416245	4,70708982	4,707141354
ENSG00000033030	12	ZCCHC8	5,126125381	4,660240246	4,922521864	5,145178303	4,768777557	4,407375453	4,922191624	4,491184508	4,701103379	5,163434172
ENSG00000033050	7	ABCF2	4,939662684	4,874412682	4,833401168	5,236208097	4,911026503	5,33003276	5,413003032	6,012911921	5,233377104	5,697838933
ENSG00000033100	7	CHPF2	4,457698534	4,789767387	4,666218233	4,885473071	4,764791275	4,528941573	4,478506605	4,454470371	3,869627215	4,524475265
ENSG00000033122	1	LRRC7	1,275158018	1,917354455	2,474294639	2,657282003	1,808164304	0,635043185	-0,296446295	0,732191655	1,452988989	-0,553414503
ENSG00000033170	14	FUT8	4,638934796	4,286500753	4,747038845	4,426852806	4,330121886	4,124534625	4,269684454	3,935417999	4,018021132	4,179518431
ENSG00000033178	4	UBA6	5,490541364	5,192622954	5,19647676	5,602929378	5,142557716	5,135765767	5,280957064	5,379481724	5,438672322	5,384847248
ENSG00000033327	11	GAB2	5,223465612	4,591431032	4,776198827	5,175459074	5,404318368	4,280209077	4,763450409	4,541974634	4,247959416	4,5152683
ENSG00000033627	17	ATP6V0A1	5,379762294	5,410466544	5,346201765	5,094179841	5,62296539	5,302242682	5,845692826	5,341782147	5,699251495	5,681579755
ENSG00000033800	15	PIAS1	5,661236821	5,431994263	5,585782057	5,947639192	5,209125325	5,772496442	5,3553738	5,161194853	5,508872247	5,234902487
ENSG00000033867	3	SLC4A7	5,785200051	5,708758431	5,771781361	5,771097551	5,799611799	5,913959483	5,55726717	6,200326878	5,40922543	5,897833055
ENSG00000034053	15	APBA2	5,342820675	5,720379665	5,429678433	4,854204236	4,998348549	4,496074531	4,994120213	5,248348435	5,448389252	5,101096413
ENSG00000034152	17	MAP2K3	4,165993131	4,281467045	5,046361503	5,055727852	4,851384439	5,756024944	5,335555123	5,621923967	6,202283542	5,899408553
ENSG00000034510	2	TMSB10	7,348911897	8,090236996	8,337843132	7,972497678	8,199913746	8,918488579	8,74856556	9,487047856	8,779081813	9,171170994
ENSG00000034533	3	ASTE1	3,027728085	2,766310689	2,744576193	2,973977007	2,816051781	3,219345004	3,05681151	2,983566859	2,820758042	2,94763004
ENSG00000034677	8	RNF19A	3,612544778	3,784093313	3,864108502	3,706781264	3,983332333	3,783346195	3,569907545	3,310199242	3,792275692	3,249327313
ENSG00000034693	6	PEX3	2,595667779	3,00271342	2,497267912	2,279580646	2,507829251	1,987803769	2,859569994	2,430091555	2,624159835	1,879709175
ENSG00000034713	16	GABARAPL2	5,704452865	5,833042254	6,156681349	6,716187192	6,199750937	6,847192093	6,633000453	6,526844823	6,804519483	6,626445097
ENSG00000035115	2	SH3YL1	3,145729443	2,953535458	2,655623305	3,132872847	2,116702718	1,256454645	1,587683046	2,389056579	2,629035732	2,232748603
ENSG00000035141	2	FAM136A	5,558929	5,74024063	5,885629339	6,290161988	5,14181613	5,730619359	5,6406988	6,169478691	5,763597057	5,931084899
ENSG00000035403	10	VCL	6,18560023	6,014202403	6,26612528	6,456822755	6,071451746	6,139367373	6,039755708	6,167208985	6,328421519	6,244531784
ENSG00000035499	5	DEPDC1B	3,586659223	4,117615974	4,164380551	4,596294409	4,25596273	5,124564212	5,065066559	4,619380452	5,020908619	5,181047911
ENSG00000035664	15	DAPK2	3,350859068	4,214042889	3,950175288	3,362535598	3,817198328	3,115299701	3,144487774	2,079637407	3,076883583	2,067247647
ENSG00000035681	8	NSMAF	4,145016451	3,770078462	4,657580186	4,516051054	4,316147662	4,748267254	4,747483726	4,644394543	4,724763216	4,962830303
ENSG00000035687	1	ADSS2	2,791885368	3,248223207	3,201028263	2,334969515	2,707355214	3,038726079	2,635374316	3,228332711	3,107449147	2,768832028
ENSG00000035862	17	TIMP2	5,46106337	5,501262845	5,558646426	5,31691544	5,599358112	5,371341028	5,103523364	5,167994019	5,193730484	5,108826812
ENSG00000035928	4	RFC1	7,325661285	7,636014692	7,602167703	7,833070109	7,44069746	7,340838692	7,495327801	7,272701894	7,545643859	7,426300837
ENSG00000036054	3	TBC1D23	4,688209459	4,356282915	4,463188369	4,812809007	4,473092028	4,4232922	4,210555104	4,274307793	4,46990017	4,670606873
ENSG00000036257	2	CUL3	5,723391938	5,315082939	5,573766062	6,255563414	5,549756183	6,307116851	6,308806845	5,902396359	5,795258322	6,143308632
ENSG00000036448	8	MYOM2	4,727911492	4,540924732	4,318587612	3,519332023	2,945200083	2,79699255	2,774857757	4,462303624	2,849674152	4,201117996
ENSG00000036530	14	CYP46A1	1,459874354	0,984480011	1,159408675	0,706969687	1,212150733	0,065375171	0,208166847	0,891491237	-0,455510279	0,131492391
ENSG00000036549	1	ZZZ3	6,883224432	6,611030254	6,640256121	6,626557046	6,522198878	6,657022191	6,571885143	6,423170651	6,502144197	6,480109902
ENSG00000036672	11	USP2	3,173787012	2,746619777	2,612775978	2,532769587	3,197062631	2,044807247	2,531765935	3,493541273	2,953525818	2,809958292
ENSG00000036828	3	CASR	-1,445886446	-1,445886446	-1,154621261	-1,159510594	-1,445886446	-1,159190503	-1,445886446	-1,445886446	-1,445886446	-0,943733341
ENSG00000037042	17	TUBG2	3,098447487	3,849270573	3,105610615	3,071457299	3,826853235	2,877446459	3,462950216	2,465347472	3,579159145	2,691741793
ENSG00000037241	5	RPL26L1	4,264438353	4,203628547	4,643136973	4,744377318	4,16322792	5,197442446	5,027711867	5,523131475	5,278876342	5,402136078
ENSG00000037280	5	FLT4	4,840668419	5,539728734	5,350582933	4,337303408	5,371561908	5,007111713	5,050329123	5,214675703	5,381047813	4,684909038
ENSG00000037474	5	NSUN2	4,626834281	3,741842785	4,992626176	5,998751912	3,8695598	5,194003344	4,670028287	6,312196541	5,469581023	6,223074431
ENSG00000037637	1	FBXO42	4,990496496	4,787984226	4,913673069	5,013913886	4,816294763	4,806361569	4,56925355	4,692171806	4,688796588	4,702227532
ENSG00000037749	5	MFAP3	4,532345459	4,429832477	4,785064988	5,042442107	4,57717658	4,902749294	4,851673934	4,539879089	4,848369313	5,050509235
ENSG00000037757	19	MRI1	4,385051575	3,526314145	4,142154518	4,165994684	3,989089924	5,050568791	4,547502877	4,818252689	5,12560649	5,397242141
ENSG00000037897	12	METTL1	1,019355737	1,835919611	1,497875488	0,989880189	0,942363748	1,286303176	1,443133796	1,851942129	1,541026981	1,422290469
ENSG00000038002	4	AGA	4,017086995	4,504856967	4,0637523	3,850502775	4,117321764	4,038193014	4,875302702	4,07275342	4,807290188	4,109867207
ENSG00000038210	4	PI4K2B	1,814971491	2,653076507	3,029631187	3,314033258	3,186976654	3,359021991	3,378979905	2,95037439	3,213320155	3,583353317
ENSG00000038219	4	BOD1L1	6,265748698	6,64480627	6,666775842	6,625306915	6,729839336	6,567296825	6,69463601	6,207420962	6,754607302	6,630233608
ENSG00000038274	5	MAT2B	3,882859527	2,619364178	3,867124962	4,684970271	4,096294555	4,863085418	4,143702986	4,155153009	4,414004958	4,99603219
ENSG00000038295	4	TLL1	1,865709634	1,608136905	2,127668642	2,176546768	2,08841187	1,323443161	1,560109707	0,417032687	1,227455573	0,241936127
ENSG00000038382	5	TRIO	6,994518709	6,655625678	6,753638277	6,788170636	5,645624045	5,790492842	5,873524981	6,560450744	6,258126816	5,932875514
ENSG00000038427	5	VCAN	5,818225583	6,127019972	6,108713439	5,785960511	5,72849236	5,972112075	5,808767163	6,117410661	5,782405368	6,382382927
ENSG00000038532	16	CLEC16A	5,376568373	5,18841412	5,347044972	5,562947549	5,047574388	5,255059234	5,170724447	5,103440031	4,989717394	5,075231949
ENSG00000038945	8	MSR1	0,751326392	0,185706744	-0,498113743	0,416552677	-0,452344463	-0,954581901	-0,448454136	-0,930996636	-0,455510279	0,064896721
ENSG00000039068	16	CDH1	0,535641259	1,92986529	0,545799541	0,130032707	0,577777113	-0,206133711	0,570666982	1,349294495	-0,370906694	-0,451558889
ENSG00000039123	5	MTREX	7,068104072	6,938746385	6,887176771	6,91435231	7,048852049	7,163119942	7,091737134	7,161735161	7,369971301	7,324134964
ENSG00000039319	5	ZFYVE16	4,850798787	4,617700811	4,911460714	4,831009246	4,750673566	4,582110531	4,676235176	4,720710005	4,451910556	4,519898192
ENSG00000039523	16	RIPOR1	4,647195791	4,560408385	4,839156549	4,481362409	4,479666688	4,248214804	4,192774193	4,994852247	4,408635365	4,509312248
